00000000000100000000000010010011
00000000000100001000000100010011
00000000000100010000000110010011
00000000000100011000001000010011
00000000000100100000001010010011
00000000010100000010000000100011
00000000000000000010001100000011
00000000010100110000001110110011
01000000000100111000010000110011
00000000011101000000110001100011
00000000001101000000010010010011
00000000001001001000010100110011
00000000101000000010001000100011
00000000010000000010010110000011
00000000001101011000011000110011
00000000000000000000000001101111
