00000100000000000000000100010011
00000000011100000000000110010011
00000000110000000000001000010011
00000000000100000000001010010011
00000001001100000000011110010011
00000000010000000000100000010011
00000000010000011000001100110011
01000000001100100000001110110011
00000000010000011111010000110011
00000000010000011110010010110011
00000000010000011100010100110011
00000000001100101001010110110011
11111111100000000000100010010011
00000000111100010010000000100011
00000001000000010010001000100011
00000000000000000000000000010011
00000000010101011101011000110011
01000000010110001101011010110011
00000000000000101000011100110011
00000000000000010010100100000011
00000000010000010010100110000011
00000000000000000000000000010011
00000000000000000000000000010011
00000000000000000000000000010011
00000000111110010000100001100011
00000010100000000000000001101111
00000011000010011001000001100011
00000000111100110000100001100011
00000001000000000000000001101111
00000000000000000000000001101111
00000000000000000000000001101111
