00000110000000000000000100010011
00000000011000000000000110010011
00000000001100000000001000010011
00000000000000000001001010110111
00000000000000000010001100010111
00000000100100000000101000010011
00000010010000011000001110110011
00000000010110100100010000010011
00000000100000100110010010010011
00000000011110100111010100010011
00000000010100100010010110010011
00000000000000000000000000010011
00000000011100010010000000100011
00000000100100010010001000100011
00000000000000000000000000010011
00000000000000010010011000000011
00000000010000010010011010000011
00000000000000000000000000010011
00000000000000000000000000010011
00000000000000000000000000010011
00000000001100100100100001100011
00000010000000000000000001101111
00000000110101100101100001100011
00000001000000000000000001101111
00000000000000000000000001101111
00000000000000000000000001101111
